
##############################################################################################################################################
##############################################################################################################################################

#                Protein_scores		 Binding_site_length	       Starting_site	           E_3d	          E_3dc	        E_local	         E_pair	         E_s3dc	      E_s3dc_dd	      E_s3dc_di	
MODEL_SP_P35869_AHR_HUMAN:34:272_5NJ8_A_1_A_CAGCTGGCTGTG		                  12	                   1	       -830.211	         -3.067	         -9.085	         14.846	          1.740	         -0.417	          9.851	
#   Normalized (min-max scale)	           E_3d	          E_3dc	        E_local	         E_pair	         E_s3dc	      E_s3dc_dd	      E_s3dc_di	
MODEL_SP_P35869_AHR_HUMAN:34:272_5NJ8_A_1_A_CAGCTGGCTGTG	          0.000	          0.487	          0.000	          0.098	          1.257	          0.156	          0.399


#Nucleotide scores
    #Nucleotide	           E_3d	          E_3dc	        E_local	         E_pair	         E_s3dc	      E_s3dc_dd	      E_s3dc_di
              1	        -60.659	         -0.575	          3.036	         -1.928	          3.248	         -0.914	          3.814	
              2	        -78.360	         -1.791	          1.770	         -0.484	          1.624	         -0.457	          1.599	
              3	        -97.263	         -0.837	          0.504	          0.230	          0.818	          0.000	          1.988	
              4	       -100.358	         -1.099	          0.504	          1.379	          1.079	          0.000	          2.887	
              5	       -108.244	         -1.146	         -0.106	          2.365	         -0.162	         -0.140	          1.827	
              6	       -110.884	          1.376	         -1.077	          2.765	         -0.423	         -0.140	          1.263	
              7	        -93.895	          1.066	         -1.590	          2.809	          0.263	         -0.707	          1.164	
              8	        -72.126	         -0.659	         -2.991	          1.786	          0.263	         -0.707	         -0.336	
              9	        -53.378	         -0.529	         -3.773	          1.550	         -0.538	          0.354	         -1.369	
             10	        -37.348	          0.940	         -2.201	          1.192	         -1.119	          0.742	         -0.429	
             11	        -31.996	          0.200	         -1.095	          1.433	         -1.135	          0.742	         -0.592	
             12	        -32.059	         -0.600	         -1.095	          1.570	         -1.107	          0.707	         -0.118	

#Amino-acid scores for chain A
     #Aminoacid	           E_3d	          E_3dc	        E_local	         E_pair	         E_s3dc	      E_s3dc_dd	      E_s3dc_di
            1-A	        -80.351	         -0.861	          4.684	         -0.510	          1.835	          0.000	          2.548	
            2-A	        -76.927	          2.520	          9.129	         -5.254	          0.000	          0.000	          0.000	
            3-A	       -115.100	          0.333	         -1.894	          3.827	          2.613	          0.500	          4.858	
            4-A	        -79.105	          2.689	         -4.880	          1.953	         -2.550	          0.500	         -2.728	
            5-A	        -54.154	         -3.544	          5.412	         -0.066	          1.602	         -2.828	          5.217	
            6-A	        -92.727	         -4.257	          0.000	         -3.376	          0.000	          0.000	          0.000	
            7-A	        -97.794	          0.400	        -17.689	          4.363	          0.000	          0.000	         -2.252	
            8-A	        -20.542	          2.000	         -2.439	          2.015	         -1.549	          0.634	         -0.964	
           10-A	        -64.551	         -2.400	          2.256	          7.767	          3.134	         -1.414	          5.180	
           32-A	        -43.450	          0.971	         -5.816	          4.079	          0.000	          0.000	         -1.966	
           33-A	        -63.865	         -4.889	          2.152	         -3.614	         -3.345	          2.192	         -0.043	
           34-A	        -41.644	          3.971	          0.000	          3.662	          0.000	          0.000	          0.000	

#Normalized scores per nucleotide 
    #Nucleotide	           E_3d	          E_3dc	        E_local	         E_pair	         E_s3dc	      E_s3dc_dd	      E_s3dc_di
              1	          0.637	        -18.591	          9.354	         13.401	         14.580	         37.068	        -11.440	
              2	          0.412	        -24.181	         11.953	         17.138	         18.619	         47.753	        -14.856	
              3	          0.173	        -30.151	         14.729	         21.129	         22.931	         59.165	        -18.503	
              4	          0.133	        -31.128	         15.184	         21.783	         23.638	         61.034	        -19.100	
              5	          0.033	        -33.618	         16.342	         23.448	         25.437	         65.794	        -20.622	
              6	          0.000	        -34.452	         16.729	         24.005	         26.039	         67.388	        -21.131	
              7	          0.215	        -29.087	         14.234	         20.418	         22.163	         57.132	        -17.853	
              8	          0.491	        -22.212	         11.038	         15.822	         17.196	         43.990	        -13.653	
              9	          0.729	        -16.291	          8.284	         11.863	         12.919	         32.672	        -10.035	
             10	          0.932	        -11.229	          5.930	          8.479	          9.262	         22.995	         -6.942	
             11	          1.000	         -9.539	          5.144	          7.349	          8.041	         19.764	         -5.910	
             12	          0.999	         -9.559	          5.154	          7.362	          8.055	         19.802	         -5.922	

#Normalized scores per aminoacid (ratio scaling) for chain A
     #Aminoacid	           E_3d	          E_3dc	        E_local	         E_pair	         E_s3dc	      E_s3dc_dd	      E_s3dc_di
            1-A	          0.367	          0.455	          0.166	          0.636	          0.201	          0.437	          0.664	
            2-A	          0.404	          0.836	          0.000	          1.000	          0.484	          0.437	          0.343	
            3-A	          0.000	          0.589	          0.411	          0.303	          0.080	          0.337	          0.955	
            4-A	          0.381	          0.855	          0.522	          0.447	          0.877	          0.337	          0.000	
            5-A	          0.645	          0.152	          0.139	          0.602	          0.236	          1.000	          1.000	
            6-A	          0.237	          0.071	          0.340	          0.856	          0.484	          0.437	          0.343	
            7-A	          0.183	          0.597	          1.000	          0.261	          0.484	          0.437	          0.060	
            8-A	          1.000	          0.778	          0.431	          0.442	          0.723	          0.310	          0.222	
           10-A	          0.535	          0.281	          0.256	          0.000	          0.000	          0.718	          0.995	
           32-A	          0.758	          0.661	          0.557	          0.283	          0.484	          0.437	          0.096	
           33-A	          0.542	          0.000	          0.260	          0.874	          1.000	          0.000	          0.338	
           34-A	          0.777	          1.000	          0.340	          0.315	          0.484	          0.437	          0.343	
