MEME version 4

ALPHABET= ACGT

Background letter frequencies
A 0.25 C 0.25 G 0.25 T 0.25

MOTIF M07119_2.00_

letter-probability matrix:
0.543441 0.134583 0.100511 0.221465 
0.502555 0.003407 0.056218 0.437819 
0.027257 0.579216 0.068143 0.325383 
0.236797 0.592845 0.11414 0.056218 
0.0 0.037479 0.0 0.962521 
0.011925 0.190801 0.025554 0.771721 
1.0 0.0 0.0 0.0 
0.0 0.0 0.0 1.0 
0.0 1.0 0.0 0.0 
0.226576 0.279387 0.025554 0.468484 
0.202726 0.11925 0.097104 0.58092 
0.223169 0.340716 0.197615 0.238501 
0.597956 0.0 0.044293 0.357751 
0.156729 0.202726 0.063032 0.577513 
0.255537 0.436116 0.069847 0.238501 

